11111
10000
10000
10000
10000
10000
10000

10001
10010
10100
11000
10100
10010
10001

11111
10000
10000
10000
10000
10000
11111

11111
10001
10001
10001
10001
10001
11111

11111
00001
00001
11111
10000
10000
11111


11111
10001
10000
10000
10000
10000
10000

10001
10001
10010
11100
10010
10001
10001

11111
10001
10000
10000
10000
10001
11111

01110
10001
10001
10001
10001
10001
01110

11110
00001
00001
01110
10000
10000
01111

11111
10000
10000
10000
10000
10000
11000

10011
10100
11000
10000
11000
10100
10011

01110
10001
10000
10000
10000
10001
01110

00100
01010
10001
10001
10001
01010
00100

11110
00001
00001
00010
00100
01000
11111

